00 00 00 00 00 00 00 00 00 00 00 00 00 00 00 00 
00 00 00 00 00 00 00 00 00 00 00 00 00 00 00 00 
00 00 00 00 00 00 00 00 00 00 00 00 00 00 c0 00 
00 00 00 00 00 00 00 00 00 00 00 00 00 03 f0 00 
00 00 00 00 00 00 00 00 00 00 00 00 00 0f fc 00 
00 00 00 00 00 00 00 00 00 00 00 00 00 3f ff 00 
00 00 00 00 00 00 00 00 00 00 00 00 00 ff 3f c0 
00 00 00 00 00 00 00 00 00 00 00 00 01 fc 0f e0 
00 0c 00 00 00 00 00 00 00 00 00 00 07 f8 07 f8 
3f 9f c0 00 00 00 00 00 00 00 00 00 0f e0 01 fc 
3f cc 00 00 60 00 00 00 04 00 00 00 0f 80 00 7c 
30 ec 00 00 60 00 00 00 04 00 00 00 0f 00 c0 3c 
30 6f e0 70 f8 38 6f 0f 9f 8f 0b 3e 0f 03 f0 3c 
30 6f f1 fc f8 fe 7f 90 44 10 8c 41 0f 07 f8 3c 
30 6e 39 8c 60 c6 71 d0 04 20 48 40 0f 0f fc 3c 
30 ec 1b 06 61 83 60 d8 04 20 48 60 0f 0f fc 3c 
3f cc 1b 06 61 83 60 c7 04 3f c8 1c 0f 0f fc 3c 
3f 8c 1b 06 61 83 60 c0 c4 20 08 03 0f 0f f8 3c 
30 0c 19 8c 60 c6 60 c0 44 20 08 01 0f 0f f0 3c 
30 0c 19 fc 7c fe 60 d0 44 10 88 41 0f 0f c0 3c 
30 0c 18 70 38 38 60 cf 83 8f 08 3e 0f 0f 80 7c 
00 00 00 00 00 00 00 00 00 00 00 00 0f 0f 81 fc 
00 00 00 00 00 00 00 00 00 00 00 00 0f 0f 87 fc 
00 00 00 00 00 00 00 00 00 00 00 00 07 0f 8f f8 
00 00 00 00 00 00 00 00 00 00 00 00 01 0f bf f0 
00 00 00 00 00 00 00 00 00 00 00 00 00 0f ff c0 
00 00 00 00 00 00 00 00 00 00 00 00 00 0f ff 00 
00 00 00 00 00 00 00 00 00 00 00 00 00 0f fc 00 
00 00 00 00 00 00 00 00 00 00 00 00 00 03 f0 00 
00 00 00 00 00 00 00 00 00 00 00 00 00 00 c0 00 
00 00 00 00 00 00 00 00 00 00 00 00 00 00 00 00 
00 00 00 00 00 00 00 00 00 00 00 00 00 00 00 00